34 22
-30 -52
-86 89
-51 28
-4 92
32 -49
82 82
46 74
-24 -78
6 -4
-29 47
-71 -42
-8 -57
65 97
35 -70
-58 31
-35 -70
-49 77
-19 -88
52 22
-95 100
0 -4
21 -98
94 -95
16 -30
-99 43
-55 -69
-50 28
-40 55
3 93
17 -3
80 37
-86 28
-14 23
10 56
-7 71
95 -33
-43 -58
-23 20
95 -32
79 -87
94 22
10 10
-45 -68
53 -67
-6 -16
85 65
25 -98
-20 81
-57 -72
20 50
-42 -69
47 -27
-82 11
-65 -33
-17 -12
38 16
-90 -99
82 -77
90 -83
16 -95
-92 90
95 14
5 7
30 -83
57 -74
-42 36
-11 -92
-88 100
-24 99
72 -82
-90 61
11 72
-81 -16
-74 52
-5 -73
6 -45
-24 6
19 78
-6 15
-74 -56
-3 96
-1 -67
58 -71
33 82
72 58
47 -13
-76 -77
-58 71
-85 -32
-4 86
-93 -81
-32 -17
-57 -50
-65 -46
-30 86
-45 51
-71 65
-75 59
-13 46
46 -71
5 23
-63 54
13 -3
51 -98
-61 -32
-77 -97
62 -35
-43 21
-91 85
-57 -28
39 53
-8 84
-43 63
-74 -47
7 -90
95 44
0 14
43 -50
-4 97
-4 -58
66 34
-44 -95
-12 -68
-56 -33
-64 -63
-68 -32
-38 93
9 -11
89 -17
-82 0
83 35
-67 -14
33 -16
-35 92
-45 -60
-21 -87
-24 61
-8 18
-86 65
-50 -97
90 -33
-93 -43
-37 45
-74 97
-90 -11
-59 -16
39 -27
-16 30
17 85
-76 -29
4 30
-84 -93
17 23
-100 -58
-15 4
-42 5
-34 -35
-60 22
69 -12
23 28
-2 76
83 -7
-85 -50
-39 58
40 -4
35 12
69 7
55 -90
59 53
64 31
-37 15
-72 65
99 -70
-38 -98
-34 3
-6 77
36 -43
-88 43
44 -61
-22 49
-43 8
50 -52
-57 -26
45 -30
-22 51
24 -6
76 86
-50 -9
15 64
76 55
-20 -58
52 -27
58 -74
-59 82
33 -28
-10 29
4 -85
-9 -15
26 -39
-4 -62
-80 25
76 62
-75 26
60 -6
-25 -95
16 41
-61 68
-71 27
22 27
21 15
-64 8
-43 72
-48 -64
-17 54
31 -2
-100 -39
-6 -95
41 85
96 57
-26 85
47 -87
78 -5
-29 97
-80 85
88 -37
-42 96
21 -92
-48 -14
13 15
-34 -34
9 -75
94 64
86 -38
-11 -66
-81 -9
-74 59
100 70
-28 57
59 -35
-29 -99
-77 16
84 -32
50 48
44 -25
-87 22
-70 93
72 -11
51 2
48 -60
63 -24
72 10
25 -4
-78 57
-75 33
82 46
-11 -16
-29 47
34 -27
0 -91
-97 55
-81 -23
38 -87
6 -17
-29 -44
16 54
15 -45
-46 91
47 62
-40 97
-93 -38
1 83
-5 74
-38 -93
-87 10
2 10
-3 99
-86 85
76 7
29 -54
-79 -83
-61 7
-6 -59
-79 67
84 69
-97 -73
-54 11
-27 -42
-54 35
6 -29
66 -90
-39 -38
-53 8
64 -57
13 58
44 88
67 57
49 62
-3 65
89 -81
-60 -80
81 -32
9 -100
33 -38
7 -80
82 -73
90 -66
-19 44
6 66
-14 -9
93 33
13 -93
-95 65
-56 24
99 7
76 81
12 -26
43 59
-51 -63
72 23
-3 -31
-29 -46
-100 28
-38 -75
58 -91
-64 -23
51 8
96 -3
93 71
91 4
50 51
9 -80
-37 31
80 -31
-25 -89
-86 3
-82 81
36 -35
94 80
-18 -23
33 96
92 23
-15 79
61 -73
51 -50
-61 -69
30 11
13 33
11 -59
-44 81
48 -18
12 25
-77 -45
4 -19
-49 -95
-85 7
41 -97
-79 43
-41 -92
-36 52
65 -31
-17 -89
-99 -96
76 -19
15 73
60 -6
-69 19
14 -46
-42 -7
-41 44
-72 -58
68 66
76 31
-65 -93
-79 -93
2 52
3 -30
-83 -9
32 86
18 -70
76 -77
-19 72
76 50
86 65
-37 -54
44 28
32 -60
73 8
-80 -82
80 31
-64 -17
-73 55
-85 -13
-30 14
-61 -85
91 84
24 -27
-62 -70
56 -13
58 86
42 -18
-27 -25
47 -40
-30 80
-23 -1
43 21
73 5
-59 -65
-6 -50
-95 -36
37 -87
-47 -69
58 -91
-24 35
-78 11
-90 -97
-14 43
-8 -64
76 45
58 -38
-70 13
-34 -59
20 44
-58 58
-44 52
-45 -76
-38 -72
74 34
-74 -44
89 58
-49 -1
-49 -46
-25 -83
99 -15
-21 -1
16 70
39 -26
-50 -50
-51 -12
18 -31
-65 -6
91 -91
-74 -55
-43 37
-3 -15
-49 83
67 70
-25 -50
3 -69
-55 -70
-57 -97
-78 12
-83 -91
-28 -12
1 19
7 -44
20 -82
40 -29
-28 -20
-35 33
-39 13
77 -35
11 48
-23 -64
-86 -54
-54 90
-24 34
-76 -25
100 4
-76 -22
72 81
-92 88
-70 4
45 -39
-21 -10
-24 -28
-63 27
-11 72
-19 55
56 -9
54 -29
97 -28
58 -55
38 34
-51 16
-6 -80
-6 17
96 -27
56 47
2 4
-72 -72
82 -19
-18 97
83 38
2 71
-78 -14
76 -32
67 27
-10 84
12 -77
95 -57
99 92
70 -40
-91 -14
-98 -73
52 -5
-56 -88
88 -87
-46 -12
-77 54
-46 46
-51 67
-53 -45
-6 -90
-28 34
18 14
81 42
-25 -56
20 25
-50 90
-85 98
77 -89
16 -44
-19 -36
58 94
54 73
17 -86
71 15
22 5
35 64
-70 34
-40 -76
-70 89
38 92
39 -61
20 8
93 -49
79 -23
87 -9
58 -25
-85 44
-87 -35
-4 83
-33 -50
-7 -9
62 9
76 100
-85 34
44 -76
32 -88
-49 -26
19 32
61 -64
3 -95
47 -23
20 -84
71 -34
59 -28
8 -79
11 15
26 -52
68 55
-30 -52
-5 69
-99 34
-42 40
-44 46
95 4
7 93
-51 3
-8 -93
6 -19
45 89
-41 -56
-47 48
-64 97
-21 -94
56 -44
84 43
46 -56
52 75
-18 -91
-22 -65
-55 53
66 -16
14 60
-26 36
-68 -45
-70 42
-33 -31
78 64
12 1
-15 -15
-69 8
54 83
-35 1
21 -34
-25 -86
76 73
-21 -50
0 88
-82 9
-14 44
-98 -63
-49 -88
17 3
-1 89
21 31
-50 21
-37 95
86 99
97 50
91 -31
-70 8
-24 -7
63 49
-50 -41
96 27
40 40
-38 12
-99 -91
-99 -54
-23 77
-18 -16
-40 -91
67 99
-55 -31
-37 -6
-53 99
-80 35
68 -30
50 54
10 -39
-16 -80
57 -42
-34 -48
31 -28
-35 -5
69 -49
51 48
22 59
5 -14
57 -15
-60 -50
-39 68
7 95
58 59
-76 81
57 -49
-30 -28
20 40
93 -28
-19 -3
-17 16
-34 82
27 -72
56 37
80 -93
71 21
-29 -75
-83 -83
-31 -14
-81 54
-63 -59
-74 3
18 13
-72 15
-1 52
-30 -89
98 58
63 -78
38 71
89 41
-77 33
62 -52
66 -46
-32 47
-82 -36
-74 70
-54 -16
-33 -43
86 66
76 55
-24 -78
63 71
19 -6
32 -38
-8 -79
94 -44
11 -89
-80 10
34 52
-65 -8
-48 -39
-14 99
27 -87
-54 -32
0 -15
-8 -69
41 0
-76 -53
-48 -57
-45 63
-50 -67
-83 39
-84 -64
68 -61
81 8
-80 47
-51 -75
77 -93
-35 2
74 44
64 67
50 42
44 52
-22 45
-61 -27
-39 66
36 71
70 38
47 43
67 39
85 94
-31 31
49 -94
67 -81
72 23
98 10
-87 -76
-7 -10
-71 36
-77 50
41 -67
-99 90
27 36
88 -43
-61 10
99 85
90 78
57 22
-86 12
23 44
26 63
82 -79
65 -58
53 -77
-62 -98
-22 39
31 -76
77 -6
-21 16
83 -70
-7 75
71 -1
-76 -36
59 37
60 23
28 -2
70 79
72 -20
-71 35
-32 53
27 -41
82 -7
-23 69
92 -76
-13 -20
-32 8
-89 74
73 89
11 -84
-39 14
96 80
-29 46
-98 97
-84 -67
47 10
-15 36
-35 -88
27 81
43 32
38 74
-10 -48
91 -7
69 39
-23 14
63 53
57 -19
-28 85
-90 92
2 44
5 67
-18 -81
39 22
-82 22
36 -90
-88 -55
81 32
0 -26
23 69
-39 -88
-32 18
-91 22
-57 -68
-23 -36
-97 70
-69 -55
19 -83
-5 67
94 17
-95 75
5 -89
57 -3
24 -46
-70 -20
-92 -55
-72 -61
-10 -12
77 63
-30 -61
-34 100
33 -48
-59 -66
-56 21
87 42
-4 -49
-19 44
14 54
-43 13
38 32
52 93
-58 73
-50 70
-8 55
87 67
-3 -9
-82 -65
-27 -79
-88 48
-89 -89
82 39
-8 -27
-29 87
-30 -87
4 41
-70 52
86 99
33 -45
21 -8
9 -10
65 55
16 -7
-97 76
-20 42
-86 -45
60 -65
-29 33
-99 -88
97 -14
-59 43
-37 -39
-31 17
-44 31
-92 -77
-56 -69
75 37
21 42
-18 -72
12 1
-87 -70
-10 -99
100 93
3 -30
-33 -73
-20 -16
34 80
-82 -30
57 23
-97 8
92 -38
74 -48
14 55
21 -14
-87 -94
57 -33
-17 63
-58 60
10 19
-59 15
-30 75
91 67
-1 -59
-8 79
-7 69
-5 -71
100 -2
21 87
36 82
79 -71
-73 -59
55 15
-70 63
-69 -58
1 70
-21 63
-79 -16
-64 -33
59 -70
84 73
-95 65
-38 -15
-92 73
14 -46
74 41
10 87
2 32
-79 27
10 21
89 39
80 -48
-70 -75
71 87
-96 62
63 79
23 -74
29 -66
47 -50
77 -43
-27 -5
-17 26
-40 -57
-28 52
-74 -17
50 70
-44 -18
-10 -35
-9 -72
-64 67
-92 -49
-51 -59
12 82
-82 -92
-72 -93
-62 88
2 45
9 -51
59 -84
-19 44
47 -92
-96 4
100 1
-84 76
53 -97
-95 56
-19 4
-73 76
67 70
100 -26
-25 71
54 74
-15 14
-43 -15
-62 52
1 -65
-22 -95
-19 61
-53 -93
-43 -19
-97 -44
-29 -95
-88 -37
-95 -86
-29 -51
62 55
85 88
-53 -58
31 -97
-89 -94
10 -54
56 58
77 34
100 29
-25 -16
62 -67
-83 52
97 -7
-86 -85
-10 88
-33 77
23 12
-50 65
59 -3
-92 -18
46 79
-59 -32
-2 -73
76 71
-36 -32
45 50