3 38 29
-55 -21 93
-37 95 -8
57 89 -66
-64 -47 -93
22 -1 -80
91 23 -21
27 -92 82
17 96 17
34 -87 -93
58 82 18
-73 -91 -55
5 -74 -27
23 36 82
59 54 18
33 79 69
76 -83 46
11 34 -81
-92 -79 85
-89 25 11
84 93 -50
-40 -57 37
-12 -87 -47
-97 -96 -74
33 12 -38
63 39 24
20 -56 69
35 16 -15
62 -32 -40
-84 25 -92
-54 32 -16
55 -28 -44
73 86 -75
83 -26 -30
-33 -25 -22
-64 -82 26
-76 -93 71
-7 11 -89
-23 -16 31
94 33 51
-14 -88 75
-77 -26 8
63 -69 -76
-64 -76 24
-50 -18 54
44 -57 -89
-92 23 78
-76 -53 -63
-19 -35 -8
-79 40 -24
-9 26 5
49 -23 36
12 46 -3
-38 37 -28
70 6 23
-66 100 -57
-6 27 -20
63 23 -6
92 35 65
66 64 81
-5 73 53
-30 -25 63
-37 -89 -55
-12 -10 98
59 15 42
-77 35 -84
-68 -83 97
-98 15 43
-78 -17 78
-88 97 -4
-38 -22 26
1 47 84
74 -44 -77
-74 81 -81
41 38 90
-23 -54 31
39 78 98
-3 -68 19
-34 67 -24
59 -14 33
28 68 -49
-64 -30 78
-40 0 48
32 -20 -79
71 84 73
25 -13 -84
36 -77 2
-33 -61 -58
77 -1 -52
-78 82 -53
68 91 66
85 -93 -31
-60 78 48
-31 76 -39
28 27 -87
25 -91 -23
-6 94 26
-24 27 95
72 25 -88
29 -5 80
-33 -62 16
73 27 -85
51 -50 93
-43 46 76
93 67 -33
65 -46 -6
-14 -8 -69
-17 -81 26
-35 98 -1
-93 5 -99
40 58 -62
30 20 63
43 21 -40
87 93 90
63 -32 90
91 -51 61
3 43 -4
-42 -35 -12
-97 41 -5
22 -70 -35
-21 10 71
-39 23 9
71 -85 66
89 -19 -76
94 -86 -15
-71 -12 -93
10 -19 -19
50 -87 -24
-37 -38 -7
100 -13 10
-92 64 -64
-90 -2 35
-73 86 28
8 68 -53
22 18 21
67 33 86
-12 20 -61
49 -62 -8
25 51 37
76 61 54
7 -13 38
89 -84 -32
11 -25 -59
-28 -78 78
98 -55 -85
-3 76 10
52 80 -59
62 40 -41
-25 -10 -18
-66 12 55
-34 61 -53
37 9 0
24 -1 -64
-75 74 44
34 -70 17
83 46 11
43 98 -93
69 -73 -52
12 -34 1
75 -94 -92
-22 -98 32
5 -69 25
-30 -38 40
-13 -30 -69
-67 -81 -48
24 -42 49
97 65 51
70 -24 -75
67 82 54
57 -19 55
51 0 33
-69 -71 29
-16 -55 -100
54 -51 54
-39 -64 83
24 86 -48
7 85 -5
64 -99 -43
66 99 -57
23 86 100
38 -26 100
-18 -46 -15
-93 9 -28
-63 -81 -71
-11 -55 -97
3 -6 -50
11 -73 92
32 44 -97
5 35 6
4 59 84
-34 -71 -38
-90 0 -81
-11 44 -17
-72 30 -9
56 -100 33
17 98 -25
57 9 11
1 5 -42
37 -95 43
-43 -100 51
87 86 1
-93 48 -100
70 -79 -76
-96 -76 -70
-97 79 -97
13 34 -26
-21 -62 81
-23 22 86
77 -73 39
62 90 18
33 11 -18
39 -73 -33
26 -38 5
-44 84 88
-62 93 30
-32 41 97
-59 20 34
-82 -25 54
-32 21 -85
60 -100 -10
-43 61 -76
-91 -36 -4
82 17 68
-22 -99 -61
-55 -95 -39
-62 -43 -11
-14 55 -85
65 -47 -74
-88 19 12
-13 5 -7
49 -64 52
-49 -32 -36
-3 14 8
41 -33 -95
1 87 80
-51 -15 -67
8 -57 89
-31 53 -71
-23 -86 -5
-76 -9 55
81 93 -74
9 -62 5
49 -34 81
-55 21 70
-18 -10 -12
58 -17 77
100 85 -58
-42 -53 8
11 11 0
66 -84 97
51 67 26
-54 -27 -67
-51 1 -88
-45 -55 92
-100 -93 60
34 38 -43
15 -84 42
10 -40 56
42 75 31
-90 14 -22
51 96 39
22 -94 -62
65 -3 1
-80 41 -71
-92 86 73
-68 73 80
60 13 77
38 1 20
-83 10 -89
94 87 -99
-48 27 -55
3 -35 -17
-18 62 65
-3 12 48
-22 -93 42
-50 39 -8
8 -94 -49
-40 -57 -34
2 -28 6
74 -99 -12
-84 72 10
30 -92 75
32 -72 50
-95 58 -50
-71 -32 -72
-72 38 100
-36 29 63
-30 47 68
-82 -70 -38
-34 -28 82
91 15 69
95 0 24
4 51 -46
-87 -59 68
90 -64 99
11 -43 -2
89 -46 -40
-46 -60 24
52 1 -15
58 -34 39
-71 -95 16
-25 -50 -58
-84 20 44
73 -69 -93
76 44 63
83 -78 -38
-66 91 2
43 -28 30
-33 -58 -19
12 -51 45
-73 5 -36
-16 10 -45
61 -91 -14
-63 -2 39
18 -64 20
-94 98 -26
-70 -74 50
-58 28 -55
95 7 3
62 -14 93
-45 -23 -2
-72 12 -82
99 14 -38
18 34 -36
-39 23 -97
7 -20 15
3 22 57
73 27 35
-34 -11 95
36 3 79
99 77 -81
84 -19 31
-86 27 -23
-16 -61 -46
-7 -38 -13
-24 -87 100
-65 84 -18
73 34 72
98 72 -63
-66 12 52
-19 -16 -29
27 -64 -46
55 -59 4
-34 69 -13
46 47 59
11 21 81
79 -63 -51
19 93 1
-52 67 -34
97 -60 78
-48 -76 25
33 81 60
16 44 17
-73 77 7
2 60 -74
23 89 74
-3 -11 46
11 -97 56
75 56 63
-79 -15 -58
49 51 3
-74 -17 85
51 -66 -88
-86 -19 20
-41 4 -17
-77 86 -74
45 -25 26
-41 71 -99
24 29 42
-88 -39 -17
-60 -3 69
-27 43 -62
-23 -70 10
-16 13 10
6 -32 -26
-35 38 69
41 27 17
-18 73 82
20 -88 -42
-81 -31 79
87 -100 -80
23 -75 -24
20 63 -15
-33 96 45
6 -72 -74
87 -95 27
65 -88 48
93 -37 -58
-24 -28 -26
91 -78 -63
59 41 89
20 59 -98
33 10 -33
-16 -97 91
-12 -92 -81
-67 -72 73
-21 -2 -8
16 17 69
23 -95 -68
-33 27 85
-16 -78 -31
-62 -17 -42
48 -19 82
68 47 84
-22 2 12
79 20 -49
94 -90 59
81 19 69
36 -64 -33
0 -47 -41
-43 -37 -98
-82 84 -89
36 -62 97
85 -1 97
57 -84 79
-42 -77 -100
-90 -7 -28
31 -23 28
-26 14 -3
6 92 -5
-95 34 90
97 -93 -83
-88 93 11
-19 -27 -80
-34 -62 -61
-35 -2 16
50 -26 -85
-65 65 92
-81 -46 -97
-77 -36 -92
-32 39 13
-23 -50 14
91 12 -63
-19 -16 91
92 -75 67
-94 -65 5
-63 -64 -17
87 -9 5
-5 87 25
-73 34 93
-7 -94 2
-86 -2 -61
43 29 -51
62 -55 -41
25 63 -33
24 75 -97
94 -97 12
-34 -34 -35
-77 -86 33
-18 -74 62
-43 82 -3
90 -89 61
82 -48 -68
-4 58 87
14 -97 98
2 14 -3
50 100 -78
-55 65 95
-61 72 23
-53 62 -35
-24 18 -94
-5 -77 -25
2 66 -18
30 -98 72
-42 -53 -77
15 91 -86
96 53 87
49 26 3
36 -95 44
35 -18 -32
45 58 5
21 25 -57
-22 -84 -14
-39 18 -46
-92 0 -66
-89 11 -52
83 -20 86
97 75 13
36 -70 -29
14 5 23
-5 -64 -26
-47 75 -52
85 -14 -63
51 13 59
-45 45 68
9 -46 91
-48 75 39
6 -56 66
44 48 -68
51 21 -20
32 -23 77
-62 -50 -25
-19 -2 91
50 67 -73
52 -84 -14
-31 21 -80
32 -81 -98
12 -13 43
-89 6 84
63 -41 46
65 -98 12
51 25 96
-17 20 -53
69 32 64
-98 -87 20
-71 43 -12
18 -37 24
44 54 65
96 -76 -6
33 -56 -64
25 29 19
-98 4 1
4 -55 -25
-41 -92 -59
25 -36 78
-70 -50 -96
-80 34 -41
-8 -19 -32
27 -24 68
-71 -50 64
-35 23 -67
97 43 -63
6 62 -56
64 51 54
98 -61 86
5 -56 48
-59 62 -29
-8 59 92
-56 -19 46
60 7 56
-77 62 -17
-78 -66 -15
11 -81 -16
25 -66 -98
32 -82 86
87 87 0
-15 89 -74
22 14 -100
6 5 -27
46 -20 99
47 -75 -65
6 -26 66
58 -90 -26
94 -96 -97
-97 -79 -76
44 -64 -5
-43 85 88
95 25 64
-66 -48 60
65 45 -23
88 4 63
-30 59 38
14 69 42
-67 -79 11
-14 -85 29
-89 15 38
33 89 29
24 37 99
80 -23 -72
45 -85 82
-59 51 100
-66 -99 -28
99 -82 3
-94 -65 78
-70 -100 -95
27 -86 -10
62 -70 -5
-33 -83 -48
15 -4 4
41 -77 -78
-18 -63 52
-36 8 -15
75 46 38
45 98 -61
86 -2 -66
14 67 -36
-70 -40 29
44 33 47
-80 28 -43
21 32 -95
25 -72 -73
-47 -91 31
9 39 -50
-39 75 95
97 -75 -51
-89 -91 96
-22 -33 -49
-8 17 -31
87 -50 -72
5 60 -21
24 -90 4
53 18 -28
40 31 -6
-64 33 -49
-99 19 6
-12 0 -29
-95 -94 82
-52 17 84
9 -55 69
49 -60 5
-61 12 -85
61 -13 87
27 -89 -15
35 73 46
93 -23 -62
21 80 -66
33 68 31
-83 -85 26
-53 13 19
63 75 -3
83 -52 -99
89 -37 -50
66 58 80
-94 -90 -1
-60 -99 23
11 54 43
8 43 53
-64 -42 -41
-51 34 2
-10 -24 -7
-74 -58 55
-79 -14 40
8 58 38
78 -38 75
56 -42 91
36 -33 -64
90 53 -66
-35 -43 89
22 90 -41
6 -10 69
-82 95 73
-62 -62 77
-72 53 -46
-66 65 -60
-34 -25 61
-93 -14 -84
58 42 90
65 70 -80
19 -86 67
90 -12 88
89 -62 11
-70 -89 -68
56 57 72
-31 22 63
-81 -74 39
83 25 11
-58 -48 -94
-42 99 -20
-6 -22 93
-11 -41 100
11 -63 32
-96 41 94
69 54 -62
-77 -75 76
-64 28 -80
-96 -42 52
-24 20 37
-4 91 65
39 42 -69
6 19 -38
84 -75 10
50 49 -13
11 -85 20
-19 8 64
-18 72 45
-6 23 6
95 -91 67
17 33 5
74 84 83
-38 -91 -18
35 -58 -72
-2 15 15
-80 -20 8
-18 38 69
32 -1 68
-91 -34 -78
73 35 9
-54 -33 97
-30 31 -76
-86 -67 -9
-13 -71 46
-12 -83 -56
61 -53 23
82 47 60
57 2 36
85 37 -88
-62 91 -87
3 16 91
6 30 6
78 44 68
-49 31 61
-67 60 -1
-67 94 92
96 28 -8
0 3 -97
-60 -80 -89
-11 -87 -1
12 17 39
-65 -57 1
-98 -42 2
84 -6 42
59 26 44
67 21 -3
-83 -89 -11
82 99 79
25 -53 11
-15 -59 4
-47 15 94
-94 -30 55
-48 -70 -11
44 1 20
9 -14 70
75 -7 -90
14 -73 3
3 42 -47
38 68 -14
85 85 50
-66 1 -100
13 47 80
-31 8 59
30 -18 60
-58 -73 87
52 -75 -27
-11 84 28
-17 -39 -91
-15 -70 -34
83 82 -63
-90 75 -35
-39 0 -14
-92 46 -34
-5 -4 1
26 -12 -22
13 -19 -62
97 -39 -90
-12 -55 -45
63 -97 55
12 29 -90
19 -64 -85
-72 -68 100
49 76 -20
-1 -30 6
16 57 -95
22 78 16
12 -78 50
-34 -56 -13
61 -27 93
-4 -90 55
72 -45 -75
79 81 -35
77 80 1
-41 -4 83
-98 -43 -25
49 51 86
25 27 22
78 -93 24
-19 -17 -9
66 -100 -33
-80 19 -92
-1 -57 20
-96 -61 57
72 32 12
-5 -26 -7
-83 26 75
100 -13 -93
78 39 -88
-78 -40 -29
-19 -93 -16
75 -48 -7
97 -24 -28
25 93 50
-83 -36 -13
87 -6 33
88 -65 60
61 92 -64
-83 -82 -19
40 98 -44
36 49 7
-67 -90 91
63 -29 92
-91 -75 74
-41 31 86
4 -86 55
90 -36 11
69 76 -75
25 -35 0
56 20 -66
-47 84 -65
-100 11 -90
97 46 -25
-86 -61 -56
25 26 75
50 -62 17
90 -17 26
19 55 17
78 -10 39
-26 -45 -13
-32 11 -85
-20 -100 -22
25 -53 62
-54 77 89
46 65 -74
-52 85 -59
43 -93 62
-90 -61 -24
86 8 -89
-48 -95 -23
71 70 50
43 89 -94
27 -70 -36
-65 -69 12
-97 -87 78
-17 2 98
73 68 -98
97 15 -46
46 91 -40
10 -72 -10
-26 18 -44
-79 6 61
28 -78 -73
61 20 61
46 49 -19
56 -15 84
51 54 100
88 -42 -21
86 -17 28
82 -12 99
-96 -68 -45
-43 96 91
-85 16 100
-4 71 -20
47 62 98
-26 -70 50
12 62 36
61 -78 94
-52 44 26
94 99 -74
-7 80 30
-36 53 79
-65 -62 1
-46 -20 -85
0 39 -76
26 -85 -93
71 -57 -1
74 52 87
-49 -76 97
-7 -32 25
21 25 -23
-84 -99 -54
-28 64 79
100 37 86
78 21 -63
-35 -63 -88
67 31 -10
-65 -8 89
13 93 -76
62 81 -45
1 -81 -76
-97 38 -17
48 65 18
-94 30 28
48 83 -27
6 91 67
-95 -61 32
-22 90 -21
-63 -18 -82
-34 -24 58
29 36 -28
-8 28 27
-11 19 54
-86 -21 97
49 -83 24
-65 2 -9
-22 -5 83
3 -53 -90
45 94 8
90 72 -43
22 11 -41
21 81 43
100 55 -19
-92 84 -84
-68 45 -86
10 -23 91
18 21 -72
51 -78 -30
-24 -10 88
-49 45 -32
-13 88 -64
-87 -13 65
91 -82 100
-88 24 -15
83 74 18
47 99 6
55 -52 -69
-62 80 -87
27 -10 13
-61 -20 -93
-94 -37 49
91 -56 65
31 26 25
-74 5 -53
55 -63 -18
-32 -90 -74
-84 -60 58
81 -41 72
-71 42 -34
-78 55 18
-56 20 -65
-5 -85 -72
-88 12 -20
-10 -99 -37
77 5 17
-9 9 -96
18 81 98
-37 -54 8
81 82 -94
70 51 -28
37 19 -28
8 -55 8
-73 -9 25
-55 48 -86
-38 -5 -68
-83 17 -29
-30 -91 -51
67 -95 -33
74 10 -23
-82 -86 -61
-13 -24 -12
58 70 -98
56 100 -97
-30 39 97
50 -85 11
-17 -48 -93
-8 68 87
3 31 -81
11 88 54
-61 -48 7
-35 6 38
-23 74 68
96 -67 -4
18 17 -19
1 70 -4
6 44 49
-76 -9 97
87 -85 -92
48 92 82
42 -16 14
-13 -91 91
41 20 -97
-9 70 8
30 48 56
44 4 -76
-20 -55 70
-64 36 -77
98 -46 -96
-42 49 -90
-93 -78 52
60 -3 -52
68 -8 93
93 30 82
67 -41 7
31 98 4
-71 -100 -25
-37 0 86
73 -46 -16
-14 3 -9
44 2 49
55 -36 -53
19 47 -51
-61 -32 33
-68 66 38
7 1 -57
-54 51 -34
-24 -40 -93
-25 12 100
32 12 23
-60 31 -6
-91 61 -56
-92 19 42
-17 -39 -87
-60 -25 0
-6 -34 -50
-56 72 87
-52 -5 65
-36 30 -29
-57 1 78
-29 20 40
56 0 -95
-58 -80 18
-69 56 21
-72 99 24
-33 -48 -59
5 74 -66
-87 36 0
74 91 70
-35 -77 -61
1 -46 -16
20 54 56
80 -76 -70
58 -96 36
-9 -44 -27
